West:22
East:160 
#############################################
32
20
20
Iceland,0,94:1,30,31:2,2;2,3;3,2;3,3
Norway,1,94:0,2,30:14,1;13,1;13,2;12,2;12,3;12,4;12,5;12,6;11,5;11,6;11,7;10,6
Sweden,2,94:1,3,4:15,1;15,2;14,2;14,3;13,3;13,4;13,5;13,6;13,7;13,8;12,7
Finalnd,3,94:2,4:15,3;15,4;15,5;16,4;16,5
Russia,4,94:2,3,5,6:16,1;16,2;16,3;17,1;17,2;17,3;17,4;17,5;17,6;17,7;17,8;17,9;18,3;18,4;18,5;18,6;18,7;18,8;18,9;19,0;19,1;19,2;19,3;19,4;19,5;19,6;19,7;19,8;19,9
Belarus,5,94:4,8:15,8;15,9;16,7;16,8;16,9
Ukraine,6,94:4,7,8,9:16,11;17,10;17,11;18,10;18,11;19,10;19,11;19,12
Georgia,7,94:6,9,10,11,12:18,12;18,13;18,14;18,15
Poland,8,94:5,6,14,16:14,9;14,10;14,11;15,10;15,11;16,10
Romania,9,94:6,7,10,14:16,12;17,12
Bulgaria,10,94:7,9,11,14:16,13;17,13
Macedonia,11,94:7,10,12,14:16,14;17,14
Greece,12,94:7,11,13,14:15,15;16,15;17,15
Turkey,13,94:12,15:16,16;16,17;17,16;17,17;17,18
Hungary,14,94:8,9,10,11,12,17:14,12;14,13;14,14;15,12;15,13;15,14
Lebanon,15,94:13:18,18;18,19
Czech,16,94:8,17,19:13,10;13,11
Austria,17,94:14,16,18,19,20,21:13,12;13,13;13,14
Italy,18,94:17,21,24:12,15;13,15;13,16;13,18;14,16;14,17;14,18
Germany,19,94:16,17,20,22,23:11,10;11,11;11,12;12,10;12,11;12,12
Liechtenstein,20,94:17,19,21,23:11,13;12,13
Switzerland,21,94:17,18,20,23:11,14;12,14
Belgium,22,94:19,23,30:9,11;10,10;10,11
France,23,94:19,20,21,22,25,30,31:7,12;8,12;8,13;8,14;9,12;9,13;9,14;10,12;10,13;10,14
Sarahstan,24,94:18,25:11,16;11,17
Ingeland,25,94:23,24,26:8,15;8,16;9,15;10,15
Spain,26,94:25,27,28,29:5,17;6,15;6,16;6,17;7,15;7,16;7,17
Markton,27,94:26:5,18;6,18;7,18
Michaeltopia,28,94:26,29,31:5,14;5,15;5,16
Portugal,29,94:26,28:4,16;4,17
UnitedKingdom,30,94:0,1,22,23,31:6,9;7,8;7,9;8,8;8,9
IsleOfGile,31,94:0,23,28,30:5,12